1098890908156813312
1098738352017203200
1098732063157571584
1098728988845969409
1098722210666049538
1098709869832499200
1098704676294291456
1098697151964762113
1098638498431590401
1098635773849399296
1098633752899665921
1098608820983685127
1098491120949051392
1098490690865111040
1098459081352904705
1098456012468768769
1098444629136080896
1098385739031691265
1098349805573677056
1098337883990171653
1098334824962523136
1098332371340922895
1098330399535697921
1098307234927386625
1098297528938844161
1098287307193548801
1098278713760890880
1098268439012143105
1098259574082162689
1098247065975574528
1098230059880583169
1098138114101571585
1098129437319520258
1098124295253815296
1098120968650670080
1098107587445153792
1098100025236881410
1098100020413452288
1098078962662559744
1098076607888216064
1098076105779671042
1098074186768105475
1098073865396330496
1098073365766684672
1098070581201625090
1098069641413431297
1098068109783576577
1098067793726136321
1098065925629247488
1098061623321858050
1098060959950798853
1098056443914264576
1098033805963788293
1098010534031568897
1098003557289287681
1097978633350795264
1097962515366113280
1097947427716378624
1097943749194407936
1097907757309603840
1097907737038450688
1097881901992497152
1097863219379458049
1097839003053617152
1097797370593660933
1097715936574881792
1097686296775090181
1097645025964437504
1097603397732175872
1097600582087598080
1097587462107389953
1097566562205216773
1097566018577281024
1097562776401252355
1097560059767283712
1097555410679152641
1097510872501501952
1097359390561030144
1097317592346308608
1097315787591815168
1097294035516080128
1097285394998218752
1097252431904284675
1097245733391089664
1097245573281771520
1097143633118183424
1097136713581977600
1097004553373855746
1096961821859295232
1096889730715668480
1096876939187499009
1096874525931773954
1096853236844253185
1096837829693526017
1096835736609779713
1096829322881626112
1096765006148968449
1096700906895220736
1096678975135375360
1096645392685395969
