1098891625470799872
1098881324465774600
1098880302540312576
1098857221721604097
1098856594094374912
1098851523759460352
1098851460559892480
1098847237881376768
1098843811055394816
1098838045950787585
1098832368662544384
1098830297464942593
1098828671610060801
1098824081900793856
1098823745097981952
1098813685194207232
1098812068130627585
1098795160547323904
1098794330603569152
1098790405716566017
1098774563956023297
1098769609656844290
1098768180049268737
1098768129306578944
1098766441896120321
1098766372639670274
1098752776870522881
1098747742581596160
1098745729181466627
1098744247589658624
1098743189891153920
1098737071345217536
1098733255015231488
1098732902060302337
1098731626660540416
1098727979717320705
1098727682462961669
1098724715018027009
1098723861221306369
1098723475827671040
1098720515173289984
1098720065678204928
1098718035177848833
1098714196898967553
1098713777275629568
1098713676926849024
1098713431652356101
1098711061472182272
1098710581383708674
1098708494667137024
1098706760381083648
1098700295276818432
1098692605951574017
1098692134352445440
1098692075342782465
1098691199005798405
1098690846839525376
1098690073929736192
1098686052506710017
1098684624161497088
1098683582753718274
1098683504940871680
1098683316008562690
1098681603751071744
1098678722729783297
1098676545428905987
1098674191757398018
1098673856909373442
1098671951688679430
1098670845495406592
1098668699358318593
1098668454956142592
1098668395527049217
1098667637985419264
1098665144320552960
1098665009188667394
1098664745509343233
1098661218053586944
1098660181720760320
1098657568379985920
1098657377618980870
1098654116245618697
1098653861982674951
1098653751290798081
1098650747657428998
1098647649132064768
1098645401798873089
1098641740762730496
1098640750772998147
1098638581332144129
1098637771915317248
1098637222373408769
1098625750482206721
1098621230045937664
1098621107022778370
1098620018953199616
1098618985061535746
1098618921500852226
1098617741039173632
1098616302174982144
