1098633540617547776
1098600506287706116
1098548790951329797
1098452164987551744
1098322929874538498
1098106142704746496
1098058166183579648
1098027531020705792
1098013633030901760
1097906033027096576
1097730060075716608
1097667874414624768
1097658206019637249
1097542227256053760
1097525138642427906
1097520684916502528
1097517984891822080
1097487313465233408
1097399388056498176
1097370068671840256
1097363348524548102
1097359745076391937
1097351981541310464
1097347979659292672
1097332748916834304
1097313680390262784
1097181576474120192
1097174375156076546
1097165438620823552
1097134066086883328
1097046545915146240
1096983258158518273
1096957662221090816
1096957334549606400
1096892282094190593
1096877862081232896
1096866493642559497
1096851280297897985
1096849007920533505
1096846080220823554
1096844496728412161
1096832309834207232
1096674953859076097
1096658886487089152
1096655225576919042
1096647123028926464
1096608400702668801
1096512925408415746
1096512587720810502
1096265354102431746
1096258654372749312
1096250239072325632
1096247771236102144
1096246276650348550
1096240052374364160
1096228003602927616
1096134441485979648
1096124099410186240
1096107691699826690
1095921469895467008
1095914409438965760
1095888682962186241
1095863981124669440
1095856929862119424
1095852352366657538
1095822781466509314
1095793893067632643
1095787759862722563
1095720605549297666
1095720244079923201
1095713493037301760
1095693606986412033
1095690524357386240
1095685499723923456
1095680511328931841
1095666465003327488
1095645533350305794
1095641502263369728
1095618210978643968
1095613783215468544
1095595283923329024
1095578473756794880
1095576553893707776
1095576225181880320
1095572382717071361
1095570764567273472
1095570046477230081
1095569623146057729
1095568532845154305
1095550792130592768
1095528249298432000
1095525650604032001
1095510415830851584
1095492221606846464
1095472817456406528
1095417039953510401
1095385012768292864
